BoneCount: 108
RootBone: 0
BoneName: RootNode
BoneIndex: 0
BoneParentIndex: -1
BoneChildrenCount: 2
1
107
1.000000 0.000000 -0.000000 0.000000
0.000000 1.000000 -0.000000 0.000000
-0.000000 -0.000000 1.000000 -0.000000
0.000000 0.000000 -0.000000 1.000000
1.000000 0.000000 0.000000 0.000000
0.000000 1.000000 0.000000 0.000000
0.000000 0.000000 1.000000 0.000000
0.000000 0.000000 0.000000 1.000000
BoneName: mixamorig:Hips
BoneIndex: 1
BoneParentIndex: 0
BoneChildrenCount: 4
2
76
89
102
1.000000 0.000000 -0.000000 0.000000
0.000000 1.000000 -0.000000 0.000000
-0.000000 -0.000000 1.000000 -0.000000
0.000000 0.974029 -0.005768 1.000000
1.000000 -0.000002 0.000000 0.000000
0.000002 1.000000 0.000000 0.000000
-0.000000 0.000000 1.000000 -0.000000
-0.000002 -0.974029 0.005768 1.000000
BoneName: mixamorig:Spine_$AssimpFbx$_Translation
BoneIndex: 2
BoneParentIndex: 1
BoneChildrenCount: 1
3
1.000000 0.000000 -0.000000 0.000000
0.000000 1.000000 -0.000000 0.000000
-0.000000 -0.000000 1.000000 -0.000000
0.000000 0.136639 0.011840 1.000000
1.000000 0.000000 0.000000 0.000000
0.000000 1.000000 0.000000 0.000000
0.000000 0.000000 1.000000 0.000000
0.000000 0.000000 0.000000 1.000000
BoneName: mixamorig:Spine_$AssimpFbx$_PreRotation
BoneIndex: 3
BoneParentIndex: 2
BoneChildrenCount: 1
4
1.000000 -0.000002 0.000000 0.000000
0.000002 0.995257 0.097283 0.000000
-0.000000 -0.097283 0.995257 -0.000000
0.000000 0.000000 -0.000000 1.000000
1.000000 0.000000 0.000000 0.000000
0.000000 1.000000 0.000000 0.000000
0.000000 0.000000 1.000000 0.000000
0.000000 0.000000 0.000000 1.000000
BoneName: mixamorig:Spine
BoneIndex: 4
BoneParentIndex: 3
BoneChildrenCount: 1
5
1.000000 0.000000 -0.000000 0.000000
0.000000 1.000000 -0.000000 0.000000
-0.000000 -0.000000 1.000000 -0.000000
0.000000 0.000000 -0.000000 1.000000
1.000000 -0.000000 0.000000 0.000000
0.000000 0.995257 -0.097283 0.000000
-0.000000 0.097283 0.995257 -0.000000
-0.000000 -1.105991 0.102006 1.000000
BoneName: mixamorig:Spine1
BoneIndex: 5
BoneParentIndex: 4
BoneChildrenCount: 1
6
1.000000 0.000000 -0.000000 0.000000
0.000000 1.000000 -0.000000 0.000000
-0.000000 -0.000000 1.000000 -0.000000
0.000000 0.160863 0.000000 1.000000
1.000000 -0.000000 0.000000 0.000000
0.000000 0.995257 -0.097284 0.000000
-0.000000 0.097284 0.995257 -0.000000
-0.000000 -1.266853 0.102006 1.000000
BoneName: mixamorig:Spine2_$AssimpFbx$_Translation
BoneIndex: 6
BoneParentIndex: 5
BoneChildrenCount: 1
7
1.000000 0.000000 -0.000000 0.000000
0.000000 1.000000 -0.000000 0.000000
-0.000000 -0.000000 1.000000 -0.000000
-0.000000 0.118114 -0.000000 1.000000
1.000000 0.000000 0.000000 0.000000
0.000000 1.000000 0.000000 0.000000
0.000000 0.000000 1.000000 0.000000
0.000000 0.000000 0.000000 1.000000
BoneName: mixamorig:Spine2_$AssimpFbx$_PreRotation
BoneIndex: 7
BoneParentIndex: 6
BoneChildrenCount: 1
8
1.000000 0.000000 -0.000000 0.000000
0.000000 0.995257 -0.097284 0.000000
-0.000000 0.097284 0.995257 -0.000000
0.000000 0.000000 -0.000000 1.000000
1.000000 0.000000 0.000000 0.000000
0.000000 1.000000 0.000000 0.000000
0.000000 0.000000 1.000000 0.000000
0.000000 0.000000 0.000000 1.000000
BoneName: mixamorig:Spine2
BoneIndex: 8
BoneParentIndex: 7
BoneChildrenCount: 3
9
18
46
1.000000 0.000000 -0.000000 0.000000
0.000000 1.000000 -0.000000 0.000000
-0.000000 -0.000000 1.000000 -0.000000
0.000000 0.000000 -0.000000 1.000000
1.000000 -0.000000 0.000000 0.000000
0.000000 1.000000 0.000000 0.000000
-0.000000 -0.000000 1.000000 -0.000000
-0.000000 -1.388321 -0.033212 1.000000
BoneName: mixamorig:Neck
BoneIndex: 9
BoneParentIndex: 8
BoneChildrenCount: 1
10
1.000000 0.000000 -0.000000 0.000000
0.000000 1.000000 -0.000000 0.000000
-0.000000 -0.000000 1.000000 -0.000000
0.000000 0.296931 -0.072567 1.000000
1.000000 -0.000000 0.000000 0.000000
0.000000 1.000000 0.000000 0.000000
-0.000000 -0.000000 1.000000 -0.000000
-0.000000 -1.685252 0.039355 1.000000
BoneName: mixamorig:Head
BoneIndex: 10
BoneParentIndex: 9
BoneChildrenCount: 2
11
12
1.000000 0.000000 -0.000000 0.000000
0.000000 1.000000 -0.000000 0.000000
-0.000000 -0.000000 1.000000 -0.000000
0.000000 0.074486 -0.064095 1.000000
1.000000 -0.000000 0.000000 0.000000
0.000000 1.000000 0.000000 0.000000
-0.000000 -0.000000 1.000000 -0.000000
-0.000000 -1.759737 0.103450 1.000000
BoneName: mixamorig:HeadTop_End
BoneIndex: 11
BoneParentIndex: 10
BoneChildrenCount: 0
1.000000 0.000000 -0.000000 0.000000
0.000000 1.000000 -0.000000 0.000000
-0.000000 -0.000000 1.000000 -0.000000
0.000000 0.172289 -0.041580 1.000000
1.000000 -0.000000 0.000000 0.000000
0.000000 1.000000 0.000000 0.000000
-0.000000 -0.000000 1.000000 -0.000000
-0.000000 -1.932026 0.145030 1.000000
BoneName: mixamorig:RightRope1_$AssimpFbx$_Translation
BoneIndex: 12
BoneParentIndex: 10
BoneChildrenCount: 1
13
1.000000 0.000000 -0.000000 0.000000
0.000000 1.000000 -0.000000 0.000000
-0.000000 -0.000000 1.000000 -0.000000
-0.631886 0.400247 0.066731 1.000000
1.000000 0.000000 0.000000 0.000000
0.000000 1.000000 0.000000 0.000000
0.000000 0.000000 1.000000 0.000000
0.000000 0.000000 0.000000 1.000000
BoneName: mixamorig:RightRope1_$AssimpFbx$_PreRotation
BoneIndex: 13
BoneParentIndex: 12
BoneChildrenCount: 1
14
-0.000000 -1.000000 -0.000000 0.000000
1.000000 -0.000000 -0.000000 0.000000
-0.000000 -0.000000 1.000000 -0.000000
0.000000 0.000000 -0.000000 1.000000
1.000000 0.000000 0.000000 0.000000
0.000000 1.000000 0.000000 0.000000
0.000000 0.000000 1.000000 0.000000
0.000000 0.000000 0.000000 1.000000
BoneName: mixamorig:RightRope1
BoneIndex: 14
BoneParentIndex: 13
BoneChildrenCount: 1
15
1.000000 0.000000 -0.000000 0.000000
0.000000 1.000000 -0.000000 0.000000
-0.000000 -0.000000 1.000000 -0.000000
0.000000 0.000000 -0.000000 1.000000
0.000000 1.000000 0.000000 0.000000
-1.000000 0.000000 0.000000 0.000000
0.000000 -0.000000 1.000000 -0.000000
2.159985 0.631886 0.036719 1.000000
BoneName: mixamorig:RightRope2
BoneIndex: 15
BoneParentIndex: 14
BoneChildrenCount: 1
16
1.000000 0.000000 -0.000000 0.000000
0.000000 1.000000 -0.000000 0.000000
-0.000000 -0.000000 1.000000 -0.000000
0.096912 0.000000 0.000000 1.000000
0.000000 1.000000 0.000000 0.000000
-1.000000 0.000000 0.000000 0.000000
0.000000 -0.000000 1.000000 -0.000000
2.063072 0.631886 0.036719 1.000000
BoneName: mixamorig:RightRope3
BoneIndex: 16
BoneParentIndex: 15
BoneChildrenCount: 1
17
1.000000 0.000000 -0.000000 0.000000
0.000000 1.000000 -0.000000 0.000000
-0.000000 -0.000000 1.000000 -0.000000
0.127785 0.000000 -0.000000 1.000000
0.000000 1.000000 0.000000 0.000000
-1.000000 0.000000 0.000000 0.000000
0.000000 -0.000000 1.000000 -0.000000
1.935288 0.631886 0.036719 1.000000
BoneName: mixamorig:RightRope4
BoneIndex: 17
BoneParentIndex: 16
BoneChildrenCount: 0
1.000000 0.000000 -0.000000 0.000000
0.000000 1.000000 -0.000000 0.000000
-0.000000 -0.000000 1.000000 -0.000000
0.162726 -0.000000 -0.000000 1.000000
0.000000 1.000000 0.000000 0.000000
-1.000000 0.000000 0.000000 0.000000
0.000000 -0.000000 1.000000 -0.000000
1.772562 0.631886 0.036719 1.000000
BoneName: mixamorig:LeftShoulder_$AssimpFbx$_Translation
BoneIndex: 18
BoneParentIndex: 8
BoneChildrenCount: 1
19
1.000000 0.000000 -0.000000 0.000000
0.000000 1.000000 -0.000000 0.000000
-0.000000 -0.000000 1.000000 -0.000000
0.146442 0.236058 0.019319 1.000000
1.000000 0.000000 0.000000 0.000000
0.000000 1.000000 0.000000 0.000000
0.000000 0.000000 1.000000 0.000000
0.000000 0.000000 0.000000 1.000000
BoneName: mixamorig:LeftShoulder_$AssimpFbx$_PreRotation
BoneIndex: 19
BoneParentIndex: 18
BoneChildrenCount: 1
20
0.015269 -0.005449 0.999869 0.000000
0.941700 -0.336063 -0.016212 0.000000
0.336108 0.941824 -0.000000 -0.000000
0.000000 0.000000 -0.000000 1.000000
1.000000 0.000000 0.000000 0.000000
0.000000 1.000000 0.000000 0.000000
0.000000 0.000000 1.000000 0.000000
0.000000 0.000000 0.000000 1.000000
BoneName: mixamorig:LeftShoulder
BoneIndex: 20
BoneParentIndex: 19
BoneChildrenCount: 1
21
1.000000 0.000000 -0.000000 0.000000
0.000000 1.000000 -0.000000 0.000000
-0.000000 -0.000000 1.000000 -0.000000
0.000000 0.000000 -0.000000 1.000000
0.015269 0.941700 0.336108 0.000000
-0.005449 -0.336063 0.941824 0.000000
0.999869 -0.016212 -0.000000 -0.000000
-0.045909 0.408842 -1.579099 1.000000
BoneName: mixamorig:LeftArm_$AssimpFbx$_Translation
BoneIndex: 21
BoneParentIndex: 20
BoneChildrenCount: 1
22
1.000000 0.000000 -0.000000 0.000000
0.000000 1.000000 -0.000000 0.000000
-0.000000 -0.000000 1.000000 -0.000000
0.000000 0.197474 -0.000000 1.000000
1.000000 0.000000 0.000000 0.000000
0.000000 1.000000 0.000000 0.000000
0.000000 0.000000 1.000000 0.000000
0.000000 0.000000 0.000000 1.000000
BoneName: mixamorig:LeftArm_$AssimpFbx$_PreRotation
BoneIndex: 22
BoneParentIndex: 21
BoneChildrenCount: 1
23
0.999869 -0.016212 -0.000000 0.000000
0.015269 0.941700 0.336108 0.000000
-0.005449 -0.336063 0.941824 -0.000000
0.000000 0.000000 -0.000000 1.000000
1.000000 0.000000 0.000000 0.000000
0.000000 1.000000 0.000000 0.000000
0.000000 0.000000 1.000000 0.000000
0.000000 0.000000 0.000000 1.000000
BoneName: mixamorig:LeftArm
BoneIndex: 23
BoneParentIndex: 22
BoneChildrenCount: 1
24
1.000000 0.000000 -0.000000 0.000000
0.000000 1.000000 -0.000000 0.000000
-0.000000 -0.000000 1.000000 -0.000000
0.000000 0.000000 -0.000000 1.000000
0.000000 1.000000 0.000000 0.000000
-0.000000 -0.000000 1.000000 0.000000
1.000000 -0.000000 -0.000000 -0.000000
-0.049330 -0.332403 -1.558016 1.000000
BoneName: mixamorig:LeftForeArm
BoneIndex: 24
BoneParentIndex: 23
BoneChildrenCount: 1
25
0.999848 0.017452 -0.000000 0.000000
-0.017452 0.999848 -0.000000 0.000000
-0.000000 -0.000000 1.000000 -0.000000
-0.000000 0.312519 0.000000 1.000000
0.017452 0.999848 0.000000 0.000000
-0.000000 -0.000000 1.000000 0.000000
0.999848 -0.017452 0.000000 -0.000000
-0.060578 -0.643963 -1.558016 1.000000
BoneName: mixamorig:LeftHand
BoneIndex: 25
BoneParentIndex: 24
BoneChildrenCount: 4
26
32
36
42
1.000000 0.000000 -0.000000 0.000000
0.000000 1.000000 -0.000000 0.000000
-0.000000 -0.000000 1.000000 -0.000000
-0.000000 0.340267 0.000000 1.000000
0.017452 0.999848 0.000000 0.000000
-0.000000 -0.000000 1.000000 0.000000
0.999848 -0.017452 0.000000 -0.000000
-0.060578 -0.984230 -1.558016 1.000000
BoneName: mixamorig:LeftHandThumb1_$AssimpFbx$_Translation
BoneIndex: 26
BoneParentIndex: 25
BoneChildrenCount: 1
27
1.000000 0.000000 -0.000000 0.000000
0.000000 1.000000 -0.000000 0.000000
-0.000000 -0.000000 1.000000 -0.000000
-0.115094 0.100175 -0.067286 1.000000
1.000000 0.000000 0.000000 0.000000
0.000000 1.000000 0.000000 0.000000
0.000000 0.000000 1.000000 0.000000
0.000000 0.000000 0.000000 1.000000
BoneName: mixamorig:LeftHandThumb1_$AssimpFbx$_PreRotation
BoneIndex: 27
BoneParentIndex: 26
BoneChildrenCount: 1
28
0.866000 0.499184 0.029324 0.000000
-0.433293 0.778378 -0.454296 0.000000
-0.249603 0.380714 0.890368 -0.000000
0.000000 0.000000 -0.000000 1.000000
1.000000 0.000000 0.000000 0.000000
0.000000 1.000000 0.000000 0.000000
0.000000 0.000000 1.000000 0.000000
0.000000 0.000000 0.000000 1.000000
BoneName: mixamorig:LeftHandThumb1
BoneIndex: 28
BoneParentIndex: 27
BoneChildrenCount: 1
29
1.000000 0.000000 -0.000000 0.000000
0.000000 1.000000 -0.000000 0.000000
-0.000000 -0.000000 1.000000 -0.000000
0.000000 0.000000 -0.000000 1.000000
0.514222 0.770697 0.376300 0.000000
0.029324 -0.454296 0.890368 0.000000
0.857156 -0.446812 -0.256209 -0.000000
-0.537821 -0.190466 -1.753754 1.000000
BoneName: mixamorig:LeftHandThumb2
BoneIndex: 29
BoneParentIndex: 28
BoneChildrenCount: 1
30
1.000000 0.000000 -0.000000 0.000000
0.000000 1.000000 -0.000000 0.000000
-0.000000 -0.000000 1.000000 -0.000000
-0.000000 0.068581 -0.000000 1.000000
0.514222 0.770697 0.376300 0.000000
0.029324 -0.454296 0.890368 0.000000
0.857156 -0.446812 -0.256209 -0.000000
-0.537821 -0.259047 -1.753754 1.000000
BoneName: mixamorig:LeftHandThumb3
BoneIndex: 30
BoneParentIndex: 29
BoneChildrenCount: 1
31
1.000000 0.000000 -0.000000 0.000000
0.000000 1.000000 -0.000000 0.000000
-0.000000 -0.000000 1.000000 -0.000000
0.000000 0.061312 -0.000000 1.000000
0.514222 0.770697 0.376300 0.000000
0.029324 -0.454296 0.890368 0.000000
0.857156 -0.446812 -0.256209 -0.000000
-0.537821 -0.320359 -1.753754 1.000000
BoneName: mixamorig:LeftHandThumb4
BoneIndex: 31
BoneParentIndex: 30
BoneChildrenCount: 0
1.000000 0.000000 -0.000000 0.000000
0.000000 1.000000 -0.000000 0.000000
-0.000000 -0.000000 1.000000 -0.000000
-0.000000 0.062495 -0.000000 1.000000
0.514222 0.770697 0.376300 0.000000
0.029324 -0.454296 0.890368 0.000000
0.857156 -0.446812 -0.256209 -0.000000
-0.537821 -0.382854 -1.753754 1.000000
BoneName: mixamorig:LeftHandIndex1
BoneIndex: 32
BoneParentIndex: 25
BoneChildrenCount: 1
33
1.000000 0.000000 -0.000000 0.000000
0.000000 1.000000 -0.000000 0.000000
-0.000000 -0.000000 1.000000 -0.000000
-0.096639 0.224678 -0.011924 1.000000
0.017453 0.999848 0.000001 0.000000
-0.000000 -0.000001 1.000000 0.000000
0.999848 -0.017453 -0.000000 -0.000000
0.036061 -1.208907 -1.546093 1.000000
BoneName: mixamorig:LeftHandIndex2
BoneIndex: 33
BoneParentIndex: 32
BoneChildrenCount: 1
34
1.000000 0.000000 -0.000000 0.000000
0.000000 1.000000 -0.000000 0.000000
-0.000000 -0.000000 1.000000 -0.000000
0.000000 0.100424 0.000000 1.000000
0.017453 0.999848 0.000001 0.000000
-0.000000 -0.000001 1.000000 0.000000
0.999848 -0.017453 -0.000000 -0.000000
0.036061 -1.309331 -1.546093 1.000000
BoneName: mixamorig:LeftHandIndex3
BoneIndex: 34
BoneParentIndex: 33
BoneChildrenCount: 1
35
1.000000 0.000000 -0.000000 0.000000
0.000000 1.000000 -0.000000 0.000000
-0.000000 -0.000000 1.000000 -0.000000
0.000000 0.046390 -0.000000 1.000000
0.017453 0.999848 0.000001 0.000000
-0.000000 -0.000001 1.000000 0.000000
0.999848 -0.017453 -0.000000 -0.000000
0.036061 -1.355721 -1.546093 1.000000
BoneName: mixamorig:LeftHandIndex4
BoneIndex: 35
BoneParentIndex: 34
BoneChildrenCount: 0
1.000000 0.000000 -0.000000 0.000000
0.000000 1.000000 -0.000000 0.000000
-0.000000 -0.000000 1.000000 -0.000000
0.000000 0.129135 0.000000 1.000000
0.017453 0.999848 0.000001 0.000000
-0.000000 -0.000001 1.000000 0.000000
0.999848 -0.017453 -0.000000 -0.000000
0.036061 -1.484855 -1.546093 1.000000
BoneName: mixamorig:LeftHandMiddle1
BoneIndex: 36
BoneParentIndex: 25
BoneChildrenCount: 1
37
1.000000 0.000000 -0.000000 0.000000
0.000000 1.000000 -0.000000 0.000000
-0.000000 -0.000000 1.000000 -0.000000
0.001401 0.261360 0.000653 1.000000
0.017453 0.999848 0.000001 0.000000
-0.000000 -0.000001 1.000000 0.000000
0.999848 -0.017453 -0.000000 -0.000000
-0.061979 -1.245589 -1.558670 1.000000
BoneName: mixamorig:LeftHandMiddle2
BoneIndex: 37
BoneParentIndex: 36
BoneChildrenCount: 1
38
1.000000 0.000000 -0.000000 0.000000
0.000000 1.000000 -0.000000 0.000000
-0.000000 -0.000000 1.000000 -0.000000
-0.000000 0.060735 -0.000000 1.000000
0.017453 0.999848 0.000001 0.000000
-0.000000 -0.000001 1.000000 0.000000
0.999848 -0.017453 -0.000000 -0.000000
-0.061979 -1.306324 -1.558670 1.000000
BoneName: mixamorig:LeftHandMiddle3_$AssimpFbx$_Translation
BoneIndex: 38
BoneParentIndex: 37
BoneChildrenCount: 1
39
1.000000 0.000000 -0.000000 0.000000
0.000000 1.000000 -0.000000 0.000000
-0.000000 -0.000000 1.000000 -0.000000
-0.000000 0.062378 0.000000 1.000000
1.000000 0.000000 0.000000 0.000000
0.000000 1.000000 0.000000 0.000000
0.000000 0.000000 1.000000 0.000000
0.000000 0.000000 0.000000 1.000000
BoneName: mixamorig:LeftHandMiddle3_$AssimpFbx$_PreRotation
BoneIndex: 39
BoneParentIndex: 38
BoneChildrenCount: 1
40
1.000000 0.000003 -0.000000 0.000000
-0.000003 1.000000 0.000006 0.000000
0.000000 -0.000006 1.000000 -0.000000
0.000000 0.000000 -0.000000 1.000000
1.000000 0.000000 0.000000 0.000000
0.000000 1.000000 0.000000 0.000000
0.000000 0.000000 1.000000 0.000000
0.000000 0.000000 0.000000 1.000000
BoneName: mixamorig:LeftHandMiddle3
BoneIndex: 40
BoneParentIndex: 39
BoneChildrenCount: 1
41
1.000000 0.000000 -0.000000 0.000000
0.000000 1.000000 -0.000000 0.000000
-0.000000 -0.000000 1.000000 -0.000000
0.000000 0.000000 -0.000000 1.000000
0.017455 0.999848 -0.000005 0.000000
-0.000000 0.000005 1.000000 0.000000
0.999848 -0.017455 0.000000 -0.000000
-0.061983 -1.368711 -1.558662 1.000000
BoneName: mixamorig:LeftHandMiddle4
BoneIndex: 41
BoneParentIndex: 40
BoneChildrenCount: 0
1.000000 0.000000 -0.000000 0.000000
0.000000 1.000000 -0.000000 0.000000
-0.000000 -0.000000 1.000000 -0.000000
-0.000000 0.109481 0.000000 1.000000
0.017455 0.999848 -0.000005 0.000000
-0.000000 0.000005 1.000000 0.000000
0.999848 -0.017455 0.000000 -0.000000
-0.061983 -1.478191 -1.558662 1.000000
BoneName: mixamorig:LeftHandRing1
BoneIndex: 42
BoneParentIndex: 25
BoneChildrenCount: 1
43
1.000000 0.000000 -0.000000 0.000000
0.000000 1.000000 -0.000000 0.000000
-0.000000 -0.000000 1.000000 -0.000000
0.089722 0.223177 -0.012414 1.000000
0.017453 0.999848 0.000001 0.000000
-0.000000 -0.000001 1.000000 0.000000
0.999848 -0.017453 -0.000000 -0.000000
-0.150301 -1.207405 -1.545602 1.000000
BoneName: mixamorig:LeftHandRing2
BoneIndex: 43
BoneParentIndex: 42
BoneChildrenCount: 1
44
1.000000 0.000000 -0.000000 0.000000
0.000000 1.000000 -0.000000 0.000000
-0.000000 -0.000000 1.000000 -0.000000
-0.000000 0.074218 -0.000000 1.000000
0.017453 0.999848 0.000001 0.000000
-0.000000 -0.000001 1.000000 0.000000
0.999848 -0.017453 -0.000000 -0.000000
-0.150301 -1.281624 -1.545602 1.000000
BoneName: mixamorig:LeftHandRing3
BoneIndex: 44
BoneParentIndex: 43
BoneChildrenCount: 1
45
1.000000 0.000000 -0.000000 0.000000
0.000000 1.000000 -0.000000 0.000000
-0.000000 -0.000000 1.000000 -0.000000
-0.000000 0.037112 -0.000000 1.000000
0.017453 0.999848 0.000001 0.000000
-0.000000 -0.000001 1.000000 0.000000
0.999848 -0.017453 -0.000000 -0.000000
-0.150301 -1.318736 -1.545602 1.000000
BoneName: mixamorig:LeftHandRing4
BoneIndex: 45
BoneParentIndex: 44
BoneChildrenCount: 0
1.000000 0.000000 -0.000000 0.000000
0.000000 1.000000 -0.000000 0.000000
-0.000000 -0.000000 1.000000 -0.000000
0.000000 0.084788 -0.000000 1.000000
0.017453 0.999848 0.000001 0.000000
-0.000000 -0.000001 1.000000 0.000000
0.999848 -0.017453 -0.000000 -0.000000
-0.150301 -1.403524 -1.545602 1.000000
BoneName: mixamorig:RightShoulder_$AssimpFbx$_Translation
BoneIndex: 46
BoneParentIndex: 8
BoneChildrenCount: 1
47
1.000000 0.000000 -0.000000 0.000000
0.000000 1.000000 -0.000000 0.000000
-0.000000 -0.000000 1.000000 -0.000000
-0.146442 0.236059 0.019319 1.000000
1.000000 0.000000 0.000000 0.000000
0.000000 1.000000 0.000000 0.000000
0.000000 0.000000 1.000000 0.000000
0.000000 0.000000 0.000000 1.000000
BoneName: mixamorig:RightShoulder_$AssimpFbx$_PreRotation
BoneIndex: 47
BoneParentIndex: 46
BoneChildrenCount: 1
48
0.015269 0.005449 -0.999869 0.000000
-0.941706 -0.336047 -0.016212 0.000000
-0.336091 0.941830 -0.000000 -0.000000
0.000000 0.000000 -0.000000 1.000000
1.000000 0.000000 0.000000 0.000000
0.000000 1.000000 0.000000 0.000000
0.000000 0.000000 1.000000 0.000000
0.000000 0.000000 0.000000 1.000000
BoneName: mixamorig:RightShoulder
BoneIndex: 48
BoneParentIndex: 47
BoneChildrenCount: 1
49
1.000000 0.000000 -0.000000 0.000000
0.000000 1.000000 -0.000000 0.000000
-0.000000 -0.000000 1.000000 -0.000000
0.000000 0.000000 -0.000000 1.000000
0.015269 -0.941706 -0.336091 0.000000
0.005449 -0.336047 0.941830 0.000000
-0.999869 -0.016212 -0.000000 -0.000000
0.045910 0.408814 -1.579107 1.000000
BoneName: mixamorig:RightArm_$AssimpFbx$_Translation
BoneIndex: 49
BoneParentIndex: 48
BoneChildrenCount: 1
50
1.000000 0.000000 -0.000000 0.000000
0.000000 1.000000 -0.000000 0.000000
-0.000000 -0.000000 1.000000 -0.000000
-0.000000 0.197473 -0.000000 1.000000
1.000000 0.000000 0.000000 0.000000
0.000000 1.000000 0.000000 0.000000
0.000000 0.000000 1.000000 0.000000
0.000000 0.000000 0.000000 1.000000
BoneName: mixamorig:RightArm_$AssimpFbx$_PreRotation
BoneIndex: 50
BoneParentIndex: 49
BoneChildrenCount: 1
51
0.999869 0.016212 -0.000000 0.000000
-0.015269 0.941706 0.336091 0.000000
0.005449 -0.336047 0.941830 -0.000000
0.000000 0.000000 -0.000000 1.000000
1.000000 0.000000 0.000000 0.000000
0.000000 1.000000 0.000000 0.000000
0.000000 0.000000 1.000000 0.000000
0.000000 0.000000 0.000000 1.000000
BoneName: mixamorig:RightArm
BoneIndex: 51
BoneParentIndex: 50
BoneChildrenCount: 1
52
1.000000 0.000000 -0.000000 0.000000
0.000000 1.000000 -0.000000 0.000000
-0.000000 -0.000000 1.000000 -0.000000
0.000000 0.000000 -0.000000 1.000000
0.000000 -1.000000 -0.000000 0.000000
0.000000 -0.000000 1.000000 0.000000
-1.000000 -0.000000 -0.000000 -0.000000
0.049330 -0.332403 -1.558020 1.000000
BoneName: mixamorig:RightForeArm
BoneIndex: 52
BoneParentIndex: 51
BoneChildrenCount: 1
53
0.999848 -0.017452 -0.000000 0.000000
0.017452 0.999848 -0.000000 0.000000
-0.000000 -0.000000 1.000000 -0.000000
-0.000000 0.312519 -0.000000 1.000000
0.017452 -0.999848 -0.000000 0.000000
0.000000 -0.000000 1.000000 0.000000
-0.999848 -0.017452 0.000000 -0.000000
0.060578 -0.643963 -1.558020 1.000000
BoneName: mixamorig:RightHand
BoneIndex: 53
BoneParentIndex: 52
BoneChildrenCount: 4
54
64
68
72
1.000000 0.000000 -0.000000 0.000000
0.000000 1.000000 -0.000000 0.000000
-0.000000 -0.000000 1.000000 -0.000000
-0.000000 0.340267 -0.000000 1.000000
0.017452 -0.999848 -0.000000 0.000000
0.000000 -0.000000 1.000000 0.000000
-0.999848 -0.017452 0.000000 -0.000000
0.060578 -0.984230 -1.558020 1.000000
BoneName: mixamorig:RightHandThumb1_$AssimpFbx$_Translation
BoneIndex: 54
BoneParentIndex: 53
BoneChildrenCount: 1
55
1.000000 0.000000 -0.000000 0.000000
0.000000 1.000000 -0.000000 0.000000
-0.000000 -0.000000 1.000000 -0.000000
0.115094 0.100171 -0.067290 1.000000
1.000000 0.000000 0.000000 0.000000
0.000000 1.000000 0.000000 0.000000
0.000000 0.000000 1.000000 0.000000
0.000000 0.000000 0.000000 1.000000
BoneName: mixamorig:RightHandThumb1_$AssimpFbx$_PreRotation
BoneIndex: 55
BoneParentIndex: 54
BoneChildrenCount: 1
56
0.867517 -0.496830 -0.023965 0.000000
0.433244 0.778403 -0.454300 0.000000
0.244364 0.383730 0.890527 -0.000000
0.000000 0.000000 -0.000000 1.000000
1.000000 0.000000 0.000000 0.000000
0.000000 1.000000 0.000000 0.000000
0.000000 0.000000 1.000000 0.000000
0.000000 0.000000 0.000000 1.000000
BoneName: mixamorig:RightHandThumb1
BoneIndex: 56
BoneParentIndex: 55
BoneChildrenCount: 1
57
1.000000 0.000000 -0.000000 0.000000
0.000000 1.000000 -0.000000 0.000000
-0.000000 -0.000000 1.000000 -0.000000
0.000000 0.000000 -0.000000 1.000000
0.511894 -0.770724 -0.379407 0.000000
-0.023965 -0.454300 0.890527 0.000000
-0.858714 -0.446763 -0.251024 -0.000000
0.527194 -0.190482 -1.756973 1.000000
BoneName: mixamorig:RightHandThumb2_$AssimpFbx$_Translation
BoneIndex: 57
BoneParentIndex: 56
BoneChildrenCount: 1
58
1.000000 0.000000 -0.000000 0.000000
0.000000 1.000000 -0.000000 0.000000
-0.000000 -0.000000 1.000000 -0.000000
-0.000000 0.068589 -0.000000 1.000000
1.000000 0.000000 0.000000 0.000000
0.000000 1.000000 0.000000 0.000000
0.000000 0.000000 1.000000 0.000000
0.000000 0.000000 0.000000 1.000000
BoneName: mixamorig:RightHandThumb2_$AssimpFbx$_PreRotation
BoneIndex: 58
BoneParentIndex: 57
BoneChildrenCount: 1
59
1.000000 -0.000080 -0.000001 0.000000
0.000080 1.000000 0.000035 0.000000
0.000001 -0.000035 1.000000 -0.000000
0.000000 0.000000 -0.000000 1.000000
1.000000 0.000000 0.000000 0.000000
0.000000 1.000000 0.000000 0.000000
0.000000 0.000000 1.000000 0.000000
0.000000 0.000000 0.000000 1.000000
BoneName: mixamorig:RightHandThumb2
BoneIndex: 59
BoneParentIndex: 58
BoneChildrenCount: 1
60
1.000000 0.000000 -0.000000 0.000000
0.000000 1.000000 -0.000000 0.000000
-0.000000 -0.000000 1.000000 -0.000000
0.000000 0.000000 -0.000000 1.000000
0.511957 -0.770696 -0.379379 0.000000
-0.023930 -0.454271 0.890542 0.000000
-0.858678 -0.446840 -0.251010 -0.000000
0.527217 -0.259090 -1.756964 1.000000
BoneName: mixamorig:RightHandThumb3_$AssimpFbx$_Translation
BoneIndex: 60
BoneParentIndex: 59
BoneChildrenCount: 1
61
1.000000 0.000000 -0.000000 0.000000
0.000000 1.000000 -0.000000 0.000000
-0.000000 -0.000000 1.000000 -0.000000
0.000000 0.061307 0.000000 1.000000
1.000000 0.000000 0.000000 0.000000
0.000000 1.000000 0.000000 0.000000
0.000000 0.000000 1.000000 0.000000
0.000000 0.000000 0.000000 1.000000
BoneName: mixamorig:RightHandThumb3_$AssimpFbx$_PreRotation
BoneIndex: 61
BoneParentIndex: 60
BoneChildrenCount: 1
62
1.000000 -0.000017 -0.000000 0.000000
0.000017 1.000000 -0.000039 0.000000
0.000000 0.000039 1.000000 -0.000000
0.000000 0.000000 -0.000000 1.000000
1.000000 0.000000 0.000000 0.000000
0.000000 1.000000 0.000000 0.000000
0.000000 0.000000 1.000000 0.000000
0.000000 0.000000 0.000000 1.000000
BoneName: mixamorig:RightHandThumb3
BoneIndex: 62
BoneParentIndex: 61
BoneChildrenCount: 1
63
1.000000 0.000000 -0.000000 0.000000
0.000000 1.000000 -0.000000 0.000000
-0.000000 -0.000000 1.000000 -0.000000
0.000000 0.000000 -0.000000 1.000000
0.511970 -0.770672 -0.379409 0.000000
-0.023923 -0.454306 0.890524 0.000000
-0.858670 -0.446845 -0.251027 -0.000000
0.527223 -0.320319 -1.756976 1.000000
BoneName: mixamorig:RightHandThumb4
BoneIndex: 63
BoneParentIndex: 62
BoneChildrenCount: 0
1.000000 0.000000 -0.000000 0.000000
0.000000 1.000000 -0.000000 0.000000
-0.000000 -0.000000 1.000000 -0.000000
0.000000 0.062491 -0.000000 1.000000
0.511970 -0.770672 -0.379409 0.000000
-0.023923 -0.454306 0.890524 0.000000
-0.858670 -0.446845 -0.251027 -0.000000
0.527223 -0.382810 -1.756976 1.000000
BoneName: mixamorig:RightHandIndex1
BoneIndex: 64
BoneParentIndex: 53
BoneChildrenCount: 1
65
1.000000 0.000000 -0.000000 0.000000
0.000000 1.000000 -0.000000 0.000000
-0.000000 -0.000000 1.000000 -0.000000
0.096639 0.224681 -0.011930 1.000000
0.017452 -0.999848 -0.000000 0.000000
0.000000 -0.000000 1.000000 0.000000
-0.999848 -0.017452 0.000000 -0.000000
-0.036062 -1.208911 -1.546090 1.000000
BoneName: mixamorig:RightHandIndex2
BoneIndex: 65
BoneParentIndex: 64
BoneChildrenCount: 1
66
1.000000 0.000000 -0.000000 0.000000
0.000000 1.000000 -0.000000 0.000000
-0.000000 -0.000000 1.000000 -0.000000
-0.000000 0.100420 -0.000000 1.000000
0.017455 -0.999848 -0.000000 0.000000
0.000000 -0.000000 1.000000 0.000000
-0.999848 -0.017455 0.000000 -0.000000
-0.036059 -1.309331 -1.546090 1.000000
BoneName: mixamorig:RightHandIndex3
BoneIndex: 66
BoneParentIndex: 65
BoneChildrenCount: 1
67
1.000000 0.000000 -0.000000 0.000000
0.000000 1.000000 -0.000000 0.000000
-0.000000 -0.000000 1.000000 -0.000000
0.000000 0.046390 -0.000000 1.000000
0.017452 -0.999848 -0.000000 0.000000
0.000000 -0.000000 1.000000 0.000000
-0.999848 -0.017452 0.000000 -0.000000
-0.036062 -1.355721 -1.546090 1.000000
BoneName: mixamorig:RightHandIndex4
BoneIndex: 67
BoneParentIndex: 66
BoneChildrenCount: 0
1.000000 0.000000 -0.000000 0.000000
0.000000 1.000000 -0.000000 0.000000
-0.000000 -0.000000 1.000000 -0.000000
-0.000000 0.129140 -0.000000 1.000000
0.017452 -0.999848 -0.000000 0.000000
0.000000 -0.000000 1.000000 0.000000
-0.999848 -0.017452 0.000000 -0.000000
-0.036062 -1.484861 -1.546090 1.000000
BoneName: mixamorig:RightHandMiddle1
BoneIndex: 68
BoneParentIndex: 53
BoneChildrenCount: 1
69
1.000000 0.000000 -0.000000 0.000000
0.000000 1.000000 -0.000000 0.000000
-0.000000 -0.000000 1.000000 -0.000000
-0.001401 0.261361 0.000650 1.000000
0.017454 -0.999848 -0.000000 0.000000
0.000000 -0.000000 1.000000 0.000000
-0.999848 -0.017454 0.000000 -0.000000
0.061981 -1.245591 -1.558670 1.000000
BoneName: mixamorig:RightHandMiddle2
BoneIndex: 69
BoneParentIndex: 68
BoneChildrenCount: 1
70
1.000000 0.000000 -0.000000 0.000000
0.000000 1.000000 -0.000000 0.000000
-0.000000 -0.000000 1.000000 -0.000000
0.000000 0.060730 -0.000000 1.000000
0.017452 -0.999848 -0.000000 0.000000
0.000000 -0.000000 1.000000 0.000000
-0.999848 -0.017452 0.000000 -0.000000
0.061979 -1.306321 -1.558670 1.000000
BoneName: mixamorig:RightHandMiddle3
BoneIndex: 70
BoneParentIndex: 69
BoneChildrenCount: 1
71
1.000000 0.000000 -0.000000 0.000000
0.000000 1.000000 -0.000000 0.000000
-0.000000 -0.000000 1.000000 -0.000000
0.000000 0.062380 -0.000000 1.000000
0.017455 -0.999848 -0.000000 0.000000
0.000000 -0.000000 1.000000 0.000000
-0.999848 -0.017455 0.000000 -0.000000
0.061982 -1.368701 -1.558670 1.000000
BoneName: mixamorig:RightHandMiddle4
BoneIndex: 71
BoneParentIndex: 70
BoneChildrenCount: 0
1.000000 0.000000 -0.000000 0.000000
0.000000 1.000000 -0.000000 0.000000
-0.000000 -0.000000 1.000000 -0.000000
-0.000000 0.109480 -0.000000 1.000000
0.017455 -0.999848 -0.000000 0.000000
0.000000 -0.000000 1.000000 0.000000
-0.999848 -0.017455 0.000000 -0.000000
0.061982 -1.478181 -1.558670 1.000000
BoneName: mixamorig:RightHandRing1
BoneIndex: 72
BoneParentIndex: 53
BoneChildrenCount: 1
73
1.000000 0.000000 -0.000000 0.000000
0.000000 1.000000 -0.000000 0.000000
-0.000000 -0.000000 1.000000 -0.000000
-0.089722 0.223181 -0.012420 1.000000
0.017452 -0.999848 -0.000000 0.000000
0.000000 -0.000000 1.000000 0.000000
-0.999848 -0.017452 0.000000 -0.000000
0.150300 -1.207411 -1.545600 1.000000
BoneName: mixamorig:RightHandRing2
BoneIndex: 73
BoneParentIndex: 72
BoneChildrenCount: 1
74
1.000000 0.000000 -0.000000 0.000000
0.000000 1.000000 -0.000000 0.000000
-0.000000 -0.000000 1.000000 -0.000000
-0.000000 0.074210 -0.000000 1.000000
0.017452 -0.999848 -0.000000 0.000000
0.000000 -0.000000 1.000000 0.000000
-0.999848 -0.017452 0.000000 -0.000000
0.150300 -1.281621 -1.545600 1.000000
BoneName: mixamorig:RightHandRing3
BoneIndex: 74
BoneParentIndex: 73
BoneChildrenCount: 1
75
1.000000 0.000000 -0.000000 0.000000
0.000000 1.000000 -0.000000 0.000000
-0.000000 -0.000000 1.000000 -0.000000
-0.000000 0.037120 -0.000000 1.000000
0.017452 -0.999848 -0.000000 0.000000
0.000000 -0.000000 1.000000 0.000000
-0.999848 -0.017452 0.000000 -0.000000
0.150300 -1.318741 -1.545600 1.000000
BoneName: mixamorig:RightHandRing4
BoneIndex: 75
BoneParentIndex: 74
BoneChildrenCount: 0
1.000000 0.000000 -0.000000 0.000000
0.000000 1.000000 -0.000000 0.000000
-0.000000 -0.000000 1.000000 -0.000000
-0.000000 0.084780 -0.000000 1.000000
0.017452 -0.999848 -0.000000 0.000000
0.000000 -0.000000 1.000000 0.000000
-0.999848 -0.017452 0.000000 -0.000000
0.150300 -1.403521 -1.545600 1.000000
BoneName: mixamorig:LeftUpLeg_$AssimpFbx$_Translation
BoneIndex: 76
BoneParentIndex: 1
BoneChildrenCount: 1
77
1.000000 0.000000 -0.000000 0.000000
0.000000 1.000000 -0.000000 0.000000
-0.000000 -0.000000 1.000000 -0.000000
0.116219 -0.075911 0.007136 1.000000
1.000000 0.000000 0.000000 0.000000
0.000000 1.000000 0.000000 0.000000
0.000000 0.000000 1.000000 0.000000
0.000000 0.000000 0.000000 1.000000
BoneName: mixamorig:LeftUpLeg_$AssimpFbx$_PreRotation
BoneIndex: 77
BoneParentIndex: 76
BoneChildrenCount: 1
78
-1.000000 0.000002 -0.000000 0.000000
-0.000002 -0.994896 -0.100903 0.000000
-0.000000 -0.100903 0.994896 -0.000000
0.000000 0.000000 -0.000000 1.000000
1.000000 0.000000 0.000000 0.000000
0.000000 1.000000 0.000000 0.000000
0.000000 0.000000 1.000000 0.000000
0.000000 0.000000 0.000000 1.000000
BoneName: mixamorig:LeftUpLeg
BoneIndex: 78
BoneParentIndex: 77
BoneChildrenCount: 1
79
1.000000 0.000000 -0.000000 0.000000
0.000000 1.000000 -0.000000 0.000000
-0.000000 -0.000000 1.000000 -0.000000
0.000000 0.000000 -0.000000 1.000000
-1.000000 0.000000 0.000000 0.000000
-0.000000 -0.994896 -0.100903 0.000000
0.000000 -0.100903 0.994896 -0.000000
0.116219 0.893673 0.089262 1.000000
BoneName: mixamorig:LeftLeg_$AssimpFbx$_Translation
BoneIndex: 79
BoneParentIndex: 78
BoneChildrenCount: 1
80
1.000000 0.000000 -0.000000 0.000000
0.000000 1.000000 -0.000000 0.000000
-0.000000 -0.000000 1.000000 -0.000000
0.000000 0.373060 -0.000000 1.000000
1.000000 0.000000 0.000000 0.000000
0.000000 1.000000 0.000000 0.000000
0.000000 0.000000 1.000000 0.000000
0.000000 0.000000 0.000000 1.000000
BoneName: mixamorig:LeftLeg_$AssimpFbx$_PreRotation
BoneIndex: 80
BoneParentIndex: 79
BoneChildrenCount: 1
81
1.000000 0.000000 0.000000 0.000000
-0.000000 0.966793 0.255562 0.000000
-0.000000 -0.255562 0.966793 -0.000000
0.000000 0.000000 -0.000000 1.000000
1.000000 0.000000 0.000000 0.000000
0.000000 1.000000 0.000000 0.000000
0.000000 0.000000 1.000000 0.000000
0.000000 0.000000 0.000000 1.000000
BoneName: mixamorig:LeftLeg
BoneIndex: 81
BoneParentIndex: 80
BoneChildrenCount: 1
82
1.000000 0.000000 -0.000000 0.000000
0.000000 1.000000 -0.000000 0.000000
-0.000000 -0.000000 1.000000 -0.000000
0.000000 0.000000 -0.000000 1.000000
-1.000000 0.000000 0.000000 0.000000
-0.000000 -0.987645 0.156707 0.000000
0.000000 0.156707 0.987645 -0.000000
0.116219 0.526137 -0.046752 1.000000
BoneName: mixamorig:LeftFoot_$AssimpFbx$_Translation
BoneIndex: 82
BoneParentIndex: 81
BoneChildrenCount: 1
83
1.000000 0.000000 -0.000000 0.000000
0.000000 1.000000 -0.000000 0.000000
-0.000000 -0.000000 1.000000 -0.000000
0.000000 0.403743 -0.000000 1.000000
1.000000 0.000000 0.000000 0.000000
0.000000 1.000000 0.000000 0.000000
0.000000 0.000000 1.000000 0.000000
0.000000 0.000000 0.000000 1.000000
BoneName: mixamorig:LeftFoot_$AssimpFbx$_PreRotation
BoneIndex: 83
BoneParentIndex: 82
BoneChildrenCount: 1
84
0.935482 0.126548 -0.329938 0.000000
-0.353301 0.353924 -0.865977 0.000000
0.007185 0.926673 0.375799 -0.000000
0.000000 0.000000 -0.000000 1.000000
1.000000 0.000000 0.000000 0.000000
0.000000 1.000000 0.000000 0.000000
0.000000 0.000000 1.000000 0.000000
0.000000 0.000000 0.000000 1.000000
BoneName: mixamorig:LeftFoot
BoneIndex: 84
BoneParentIndex: 83
BoneChildrenCount: 1
85
1.000000 0.000000 -0.000000 0.000000
0.000000 1.000000 -0.000000 0.000000
-0.000000 -0.000000 1.000000 -0.000000
0.000000 0.000000 -0.000000 1.000000
-0.935482 0.353301 -0.007185 0.000000
-0.176688 -0.485255 -0.856334 0.000000
-0.306030 -0.799816 0.516372 -0.000000
0.139635 0.042744 0.096684 1.000000
BoneName: mixamorig:LeftToeBase_$AssimpFbx$_Translation
BoneIndex: 85
BoneParentIndex: 84
BoneChildrenCount: 1
86
1.000000 0.000000 -0.000000 0.000000
0.000000 1.000000 -0.000000 0.000000
-0.000000 -0.000000 1.000000 -0.000000
-0.000000 0.264000 0.000000 1.000000
1.000000 0.000000 0.000000 0.000000
0.000000 1.000000 0.000000 0.000000
0.000000 0.000000 1.000000 0.000000
0.000000 0.000000 0.000000 1.000000
BoneName: mixamorig:LeftToeBase_$AssimpFbx$_PreRotation
BoneIndex: 86
BoneParentIndex: 85
BoneChildrenCount: 1
87
0.984264 -0.085301 -0.154750 0.000000
-0.001800 0.870879 -0.491495 0.000000
0.176694 0.484039 0.857021 -0.000000
0.000000 0.000000 -0.000000 1.000000
1.000000 0.000000 0.000000 0.000000
0.000000 1.000000 0.000000 0.000000
0.000000 0.000000 1.000000 0.000000
0.000000 0.000000 0.000000 1.000000
BoneName: mixamorig:LeftToeBase
BoneIndex: 87
BoneParentIndex: 86
BoneChildrenCount: 1
88
1.000000 0.000000 -0.000000 0.000000
0.000000 1.000000 -0.000000 0.000000
-0.000000 -0.000000 1.000000 -0.000000
0.000000 0.000000 -0.000000 1.000000
-0.949787 0.312897 -0.000440 0.000000
0.000003 -0.001397 -0.999999 0.000000
-0.312898 -0.949786 0.001326 -0.000000
0.141349 -0.240458 0.000437 1.000000
BoneName: mixamorig:LeftToe_End
BoneIndex: 88
BoneParentIndex: 87
BoneChildrenCount: 0
1.000000 0.000000 -0.000000 0.000000
0.000000 1.000000 -0.000000 0.000000
-0.000000 -0.000000 1.000000 -0.000000
-0.000000 0.147830 0.000000 1.000000
-0.949787 0.312897 -0.000440 0.000000
0.000003 -0.001397 -0.999999 0.000000
-0.312898 -0.949786 0.001326 -0.000000
0.141349 -0.388288 0.000437 1.000000
BoneName: mixamorig:RightUpLeg_$AssimpFbx$_Translation
BoneIndex: 89
BoneParentIndex: 1
BoneChildrenCount: 1
90
1.000000 0.000000 -0.000000 0.000000
0.000000 1.000000 -0.000000 0.000000
-0.000000 -0.000000 1.000000 -0.000000
-0.116219 -0.075910 0.007136 1.000000
1.000000 0.000000 0.000000 0.000000
0.000000 1.000000 0.000000 0.000000
0.000000 0.000000 1.000000 0.000000
0.000000 0.000000 0.000000 1.000000
BoneName: mixamorig:RightUpLeg_$AssimpFbx$_PreRotation
BoneIndex: 90
BoneParentIndex: 89
BoneChildrenCount: 1
91
-1.000000 0.000002 -0.000000 0.000000
-0.000002 -0.994896 -0.100903 0.000000
-0.000000 -0.100903 0.994896 -0.000000
0.000000 0.000000 -0.000000 1.000000
1.000000 0.000000 0.000000 0.000000
0.000000 1.000000 0.000000 0.000000
0.000000 0.000000 1.000000 0.000000
0.000000 0.000000 0.000000 1.000000
BoneName: mixamorig:RightUpLeg
BoneIndex: 91
BoneParentIndex: 90
BoneChildrenCount: 1
92
1.000000 0.000000 -0.000000 0.000000
0.000000 1.000000 -0.000000 0.000000
-0.000000 -0.000000 1.000000 -0.000000
0.000000 0.000000 -0.000000 1.000000
-1.000000 -0.000001 -0.000001 0.000000
0.000001 -0.994896 -0.100903 0.000000
-0.000001 -0.100903 0.994896 -0.000000
-0.116220 0.893673 0.089262 1.000000
BoneName: mixamorig:RightLeg_$AssimpFbx$_Translation
BoneIndex: 92
BoneParentIndex: 91
BoneChildrenCount: 1
93
1.000000 0.000000 -0.000000 0.000000
0.000000 1.000000 -0.000000 0.000000
-0.000000 -0.000000 1.000000 -0.000000
-0.000000 0.373060 0.000000 1.000000
1.000000 0.000000 0.000000 0.000000
0.000000 1.000000 0.000000 0.000000
0.000000 0.000000 1.000000 0.000000
0.000000 0.000000 0.000000 1.000000
BoneName: mixamorig:RightLeg_$AssimpFbx$_PreRotation
BoneIndex: 93
BoneParentIndex: 92
BoneChildrenCount: 1
94
1.000000 0.000000 -0.000000 0.000000
0.000000 0.966793 0.255562 0.000000
-0.000000 -0.255562 0.966793 -0.000000
0.000000 0.000000 -0.000000 1.000000
1.000000 0.000000 0.000000 0.000000
0.000000 1.000000 0.000000 0.000000
0.000000 0.000000 1.000000 0.000000
0.000000 0.000000 0.000000 1.000000
BoneName: mixamorig:RightLeg
BoneIndex: 94
BoneParentIndex: 93
BoneChildrenCount: 1
95
1.000000 0.000000 -0.000000 0.000000
0.000000 1.000000 -0.000000 0.000000
-0.000000 -0.000000 1.000000 -0.000000
0.000000 0.000000 -0.000000 1.000000
-1.000000 0.000001 -0.000001 0.000000
-0.000001 -0.987645 0.156707 0.000000
-0.000001 0.156707 0.987645 -0.000000
-0.116219 0.526137 -0.046752 1.000000
BoneName: mixamorig:RightFoot_$AssimpFbx$_Translation
BoneIndex: 95
BoneParentIndex: 94
BoneChildrenCount: 1
96
1.000000 0.000000 -0.000000 0.000000
0.000000 1.000000 -0.000000 0.000000
-0.000000 -0.000000 1.000000 -0.000000
0.000000 0.403743 0.000000 1.000000
1.000000 0.000000 0.000000 0.000000
0.000000 1.000000 0.000000 0.000000
0.000000 0.000000 1.000000 0.000000
0.000000 0.000000 0.000000 1.000000
BoneName: mixamorig:RightFoot_$AssimpFbx$_PreRotation
BoneIndex: 96
BoneParentIndex: 95
BoneChildrenCount: 1
97
0.935482 -0.126546 0.329938 0.000000
0.353301 0.353931 -0.865974 0.000000
-0.007190 0.926671 0.375805 -0.000000
0.000000 0.000000 -0.000000 1.000000
1.000000 0.000000 0.000000 0.000000
0.000000 1.000000 0.000000 0.000000
0.000000 0.000000 1.000000 0.000000
0.000000 0.000000 0.000000 1.000000
BoneName: mixamorig:RightFoot
BoneIndex: 97
BoneParentIndex: 96
BoneChildrenCount: 1
98
1.000000 0.000000 -0.000000 0.000000
0.000000 1.000000 -0.000000 0.000000
-0.000000 -0.000000 1.000000 -0.000000
0.000000 0.000000 -0.000000 1.000000
-0.935482 -0.353301 0.007190 0.000000
0.176686 -0.485262 -0.856331 0.000000
0.306032 -0.799812 0.516377 -0.000000
-0.139635 0.042745 0.096685 1.000000
BoneName: mixamorig:RightToeBase_$AssimpFbx$_Translation
BoneIndex: 98
BoneParentIndex: 97
BoneChildrenCount: 1
99
1.000000 0.000000 -0.000000 0.000000
0.000000 1.000000 -0.000000 0.000000
-0.000000 -0.000000 1.000000 -0.000000
0.000000 0.264000 -0.000000 1.000000
1.000000 0.000000 0.000000 0.000000
0.000000 1.000000 0.000000 0.000000
0.000000 0.000000 1.000000 0.000000
0.000000 0.000000 0.000000 1.000000
BoneName: mixamorig:RightToeBase_$AssimpFbx$_PreRotation
BoneIndex: 99
BoneParentIndex: 98
BoneChildrenCount: 1
100
0.984264 0.085300 0.154751 0.000000
0.001802 0.870879 -0.491495 0.000000
-0.176694 0.484040 0.857021 -0.000000
0.000000 0.000000 -0.000000 1.000000
1.000000 0.000000 0.000000 0.000000
0.000000 1.000000 0.000000 0.000000
0.000000 0.000000 1.000000 0.000000
0.000000 0.000000 0.000000 1.000000
BoneName: mixamorig:RightToeBase
BoneIndex: 100
BoneParentIndex: 99
BoneChildrenCount: 1
101
1.000000 0.000000 -0.000000 0.000000
0.000000 1.000000 -0.000000 0.000000
